__collection-name__: spi-parameters

abad_side_sign   : [-1., -1., 1., 1.]
hip_side_sign    : [-1., 1., -1., 1.]
knee_side_sign   : [-1., 1., -1., 1.]

abad_offset   : [+0.761, -0.761, -0.761, +0.761]
hip_offset    : [-4.397357, 4.397357, -3.61161, 3.61161]
knee_offset   : [2.494948, -2.494948, 2.494948, -2.494948]

hip_range        : [-6.28, 0.1, -0.1, 6.28, -6.28, 0.1, -0.1, 6.28]
hip_range_offset : [-6.283185, 6.283185, -6.283185, 6.283185]

